x=[-2 -1.5 0 0.5 2.5 3];
y=[6 9 11 10 7 5];